91 91 79 2
91 91 79 6
91 91 79 10
91 91 79 14
91 91 79 18
91 91 79 22
91 91 79 26
91 91 79 30
91 91 79 34
91 91 79 38
91 91 79 42
91 91 79 46
91 91 79 50
91 91 79 54
91 91 79 58
91 91 79 62
91 91 79 66
91 91 79 70
91 91 79 74
91 91 79 78
91 91 79 82
91 91 79 86
91 91 79 90
91 91 79 94
91 91 79 98
91 91 85 2
91 91 85 6
91 91 85 10
91 91 85 14
91 91 85 18
91 91 85 22
91 91 85 26
91 91 85 30
91 91 85 34
91 91 85 38
91 91 85 42
91 91 85 46
91 91 85 50
91 91 85 54
91 91 85 58
91 91 85 62
91 91 85 66
91 91 85 70
91 91 85 74
91 91 85 78
91 91 85 82
91 91 85 86
91 91 85 90
91 91 85 94
91 91 85 98
0 0 0 0
